0,273
0,270
3,2
3,1
3,3
10,246
10,111
10,235
10,100
10,201
10,27
10,96
10,68
8,2
8,3
85,3
85,2
85,1
85,0
84,3
84,2
84,1
84,0
83,4
83,3
83,2
83,1
83,0
81,3
81,2
81,1
81,0
80,4
80,3
80,2
80,1
80,0
77,4
77,3
77,2
77,1
77,0
76,4
76,3
76,2
76,1
76,0
75,3
75,2
75,1
75,0
21,3
21,1
20,3
20,2
20,1
19,3
19,2
19,1
12,3
12,2
12,1
11,28
11,27
11,26
11,25
11,24
11,23
11,22
11,21
11,20
11,19
11,18
11,17
11,16
11,15
11,14
11,13
11,12
11,11
11,10
18,1
11,9
18,3
11,7
11,6
11,5
11,4
14,1
11,3
14,3
11,2
13,1
11,1
13,3
10,238
10,222
10,217
10,205
10,198
10,190
10,159
10,148
10,120
10,114
10,113
10,92
10,86
10,64
10,35
10,32
10,3
